0	1.000000	0.000000	0.000000
1	0.999848	0.000000	0.000000
2	0.999391	0.000000	0.000000
3	0.998630	0.000000	0.000000
4	0.997564	0.000000	0.000000
5	0.996195	0.000000	0.000000
6	0.994522	0.000000	0.000000
7	0.992547	0.000000	0.000000
8	0.990269	0.000000	0.000000
9	0.987689	0.000000	0.000000
10	0.984809	0.000000	0.000000
11	0.981628	0.000000	0.000000
12	0.978149	0.000000	0.000000
13	0.974372	0.000000	0.000000
14	0.970297	0.000000	0.000000
15	0.965928	0.000000	0.000000
16	0.961264	0.000000	0.000000
17	0.956307	0.000000	0.000000
18	0.951059	0.000000	0.000000
19	0.945522	0.000000	0.000000
20	0.939696	0.000000	0.000000
21	0.933584	0.000000	0.000000
22	0.927188	0.000000	0.000000
23	0.920510	0.000000	0.000000
24	0.913550	0.000000	0.000000
25	0.906313	0.000000	0.000000
26	0.898800	0.000000	0.000000
27	0.891013	0.000000	0.000000
28	0.882954	0.000000	0.000000
29	0.874627	0.000000	0.000000
30	0.866033	0.000000	0.000000
31	0.857176	0.000000	0.000000
32	0.848057	0.000000	0.000000
33	0.838680	0.000000	0.000000
34	0.829047	0.000000	0.000000
35	0.819162	0.000000	0.000000
36	0.809028	0.000000	0.000000
37	0.798647	0.000000	0.000000
38	0.788023	0.000000	0.000000
39	0.777159	0.000000	0.000000
40	0.766058	0.000000	0.000000
41	0.754723	0.000000	0.000000
42	0.743159	0.000000	0.000000
43	0.731369	0.000000	0.000000
44	0.719356	0.000000	0.000000
45	0.707123	0.000000	0.000000
46	0.694676	0.000000	0.000000
47	0.682016	0.000000	0.000000
48	0.669149	0.000000	0.000000
49	0.656078	0.000000	0.000000
50	0.642807	0.000000	0.000000
51	0.629341	0.000000	0.000000
52	0.615683	0.000000	0.000000
53	0.601837	0.000000	0.000000
54	0.587808	0.000000	0.000000
55	0.573600	0.000000	0.000000
56	0.559217	0.000000	0.000000
57	0.544664	0.000000	0.000000
58	0.529945	0.000000	0.000001
59	0.515064	0.000000	0.000000
60	0.500027	0.000000	0.000001
61	0.484837	0.000000	0.000000
62	0.469500	0.000001	0.000001
63	0.454020	0.000000	0.000001
64	0.438401	0.000000	0.000000
65	0.422649	0.000000	0.000001
66	0.406768	0.000000	0.000000
67	0.390763	0.000000	0.000001
68	0.374639	0.000000	0.000000
69	0.358402	0.000001	0.000002
70	0.342054	0.000000	0.000001
71	0.325603	0.000000	0.000001
72	0.309053	0.000000	0.000001
73	0.292408	0.000000	0.000000
74	0.275674	0.000000	0.000002
75	0.258856	0.000000	0.000000
76	0.241960	0.000001	0.000002
77	0.224990	0.000000	0.000001
78	0.207952	0.000001	0.000003
79	0.190849	0.000000	0.000001
80	0.173689	0.000000	0.000001
81	0.156476	0.000000	0.000003
82	0.139215	0.000000	0.000000
83	0.121912	0.000001	0.000004
84	0.104572	0.000000	0.000001
85	0.087200	0.000001	0.000007
86	0.069801	0.000000	0.000003
87	0.052380	0.000000	0.000003
88	0.034945	0.000000	0.000010
89	0.017498	0.000000	0.000003
90	0.000047	0.000000	0.010245
91	-0.017406	0.000000	0.000004
92	-0.034852	0.000001	0.000017
93	-0.052288	0.000000	0.000004
94	-0.069708	0.000000	0.000003
95	-0.087107	0.000000	0.000004
96	-0.104479	0.000000	0.000001
97	-0.121819	0.000000	0.000003
98	-0.139123	0.000000	0.000000
99	-0.156384	0.000001	0.000003
100	-0.173597	0.000000	0.000001
101	-0.190757	0.000001	0.000003
102	-0.207860	0.000000	0.000001
103	-0.224900	0.000000	0.000001
104	-0.241870	0.000000	0.000002
105	-0.258767	0.000000	0.000000
106	-0.275584	0.000000	0.000002
107	-0.292319	0.000000	0.000000
108	-0.308964	0.000001	0.000002
109	-0.325515	0.000000	0.000001
110	-0.341967	0.000000	0.000001
111	-0.358314	0.000000	0.000001
112	-0.374553	0.000000	0.000000
113	-0.390677	0.000000	0.000001
114	-0.406683	0.000000	0.000000
115	-0.422564	0.000000	0.000001
116	-0.438317	0.000001	0.000002
117	-0.453936	0.000001	0.000003
118	-0.469418	0.000000	0.000000
119	-0.484756	0.000001	0.000001
120	-0.499946	0.000001	0.000002
121	-0.514985	0.000000	0.000000
122	-0.529866	0.000000	0.000000
123	-0.544585	0.000001	0.000001
124	-0.559139	0.000001	0.000002
125	-0.573524	0.000000	0.000000
126	-0.587732	0.000000	0.000001
127	-0.601762	0.000001	0.000001
128	-0.615610	0.000000	0.000000
129	-0.629269	0.000000	0.000000
130	-0.642736	0.000001	0.000001
131	-0.656007	0.000001	0.000002
132	-0.669080	0.000000	0.000000
133	-0.681948	0.000000	0.000001
134	-0.694608	0.000001	0.000001
135	-0.707058	0.000000	0.000000
136	-0.719291	0.000000	0.000000
137	-0.731305	0.000000	0.000001
138	-0.743096	0.000001	0.000001
139	-0.754663	0.000000	0.000000
140	-0.765998	0.000000	0.000000
141	-0.777100	0.000001	0.000001
142	-0.787966	0.000000	0.000000
143	-0.798591	0.000000	0.000000
144	-0.808973	0.000000	0.000000
145	-0.819109	0.000001	0.000001
146	-0.828996	0.000000	0.000000
147	-0.838629	0.000000	0.000000
148	-0.848007	0.000000	0.000001
149	-0.857128	0.000000	0.000000
150	-0.865987	0.000000	0.000000
151	-0.874582	0.000000	0.000000
152	-0.882910	0.000001	0.000001
153	-0.890971	0.000000	0.000000
154	-0.898759	0.000000	0.000000
155	-0.906274	0.000000	0.000000
156	-0.913512	0.000001	0.000001
157	-0.920473	0.000000	0.000000
158	-0.927153	0.000000	0.000000
159	-0.933551	0.000000	0.000000
160	-0.939665	0.000000	0.000000
161	-0.945492	0.000000	0.000000
162	-0.951030	0.000000	0.000000
163	-0.956280	0.000000	0.000000
164	-0.961238	0.000000	0.000000
165	-0.965904	0.000000	0.000000
166	-0.970275	0.000000	0.000000
167	-0.974351	0.000000	0.000000
168	-0.978130	0.000000	0.000000
169	-0.981610	0.000000	0.000000
170	-0.984792	0.000000	0.000000
171	-0.987675	0.000000	0.000000
172	-0.990256	0.000000	0.000000
173	-0.992535	0.000000	0.000000
174	-0.994513	0.000000	0.000000
175	-0.996187	0.000000	0.000000
176	-0.997558	0.000000	0.000000
177	-0.998625	0.000000	0.000000
178	-0.999388	0.000000	0.000000
179	-0.999846	0.000000	0.000000
180	-1.000000	0.000000	0.000000
181	-0.999849	0.000000	0.000000
182	-0.999394	0.000000	0.000000
183	-0.998634	0.000000	0.000000
184	-0.997571	0.000000	0.000000
185	-0.996203	0.000000	0.000000
186	-0.994532	0.000000	0.000000
187	-0.992558	0.000000	0.000000
188	-0.990281	0.000000	0.000000
189	-0.987704	0.000000	0.000000
190	-0.984825	0.000000	0.000000
191	-0.981646	0.000000	0.000000
192	-0.978168	0.000000	0.000000
193	-0.974392	0.000000	0.000000
194	-0.970320	0.000000	0.000000
195	-0.965952	0.000000	0.000000
196	-0.961290	0.000000	0.000000
197	-0.956335	0.000000	0.000000
198	-0.951088	0.000000	0.000000
199	-0.945552	0.000000	0.000000
200	-0.939728	0.000000	0.000000
201	-0.933618	0.000000	0.000000
202	-0.927223	0.000001	0.000001
203	-0.920546	0.000000	0.000000
204	-0.913588	0.000000	0.000000
205	-0.906353	0.000000	0.000000
206	-0.898840	0.000000	0.000000
207	-0.891055	0.000000	0.000000
208	-0.882998	0.000000	0.000000
209	-0.874672	0.000001	0.000001
210	-0.866079	0.000000	0.000000
211	-0.857223	0.000000	0.000000
212	-0.848106	0.000001	0.000001
213	-0.838730	0.000000	0.000000
214	-0.829099	0.000000	0.000000
215	-0.819216	0.000000	0.000000
216	-0.809083	0.000001	0.000001
217	-0.798703	0.000000	0.000000
218	-0.788080	0.000000	0.000000
219	-0.777217	0.000001	0.000001
220	-0.766117	0.000000	0.000000
221	-0.754784	0.000000	0.000000
222	-0.743222	0.000000	0.000001
223	-0.731433	0.000001	0.000001
224	-0.719420	0.000000	0.000000
225	-0.707189	0.000000	0.000000
226	-0.694743	0.000001	0.000001
227	-0.682083	0.000000	0.000001
228	-0.669218	0.000000	0.000000
229	-0.656148	0.000000	0.000001
230	-0.642879	0.000001	0.000001
231	-0.629414	0.000001	0.000001
232	-0.615757	0.000001	0.000002
233	-0.601913	0.000002	0.000003
234	-0.587885	0.000002	0.000004
235	-0.573675	0.000000	0.000001
236	-0.559294	0.000000	0.000000
237	-0.544742	0.000001	0.000001
238	-0.530024	0.000001	0.000002
239	-0.515145	0.000001	0.000003
240	-0.500109	0.000002	0.000004
241	-0.484921	0.000002	0.000005
242	-0.469581	0.000000	0.000001
243	-0.454102	0.000000	0.000000
244	-0.438485	0.000001	0.000001
245	-0.422734	0.000001	0.000002
246	-0.406854	0.000001	0.000004
247	-0.390850	0.000002	0.000005
248	-0.374727	0.000003	0.000007
249	-0.358487	0.000001	0.000001
250	-0.342141	0.000000	0.000000
251	-0.325691	0.000000	0.000001
252	-0.309141	0.000001	0.000003
253	-0.292498	0.000002	0.000005
254	-0.275765	0.000002	0.000007
255	-0.258948	0.000003	0.000010
256	-0.242049	0.000001	0.000002
257	-0.225080	0.000000	0.000000
258	-0.208042	0.000000	0.000002
259	-0.190941	0.000001	0.000005
260	-0.173781	0.000002	0.000009
261	-0.156569	0.000002	0.000013
262	-0.139309	0.000003	0.000019
263	-0.122003	0.000001	0.000005
264	-0.104663	0.000000	0.000001
265	-0.087292	0.000000	0.000005
266	-0.069894	0.000001	0.000013
267	-0.052475	0.000001	0.000028
268	-0.035039	0.000002	0.000058
269	-0.017593	0.000003	0.000145
270	-0.000138	0.000001	0.005195
271	0.017313	0.000000	0.000010
272	0.034759	0.000000	0.000010
273	0.052195	0.000001	0.000017
274	0.069614	0.000001	0.000021
275	0.087013	0.000002	0.000023
276	0.104385	0.000002	0.000024
277	0.121729	0.000001	0.000006
278	0.139032	0.000000	0.000002
279	0.156292	0.000000	0.000002
280	0.173505	0.000001	0.000005
281	0.190666	0.000001	0.000007
282	0.207768	0.000002	0.000009
283	0.224807	0.000002	0.000011
284	0.241781	0.000001	0.000003
285	0.258678	0.000000	0.000001
286	0.275496	0.000000	0.000001
287	0.292230	0.000001	0.000003
288	0.308875	0.000001	0.000004
289	0.325426	0.000002	0.000005
290	0.341878	0.000002	0.000007
291	0.358229	0.000001	0.000002
292	0.374468	0.000000	0.000001
293	0.390592	0.000000	0.000000
294	0.406598	0.000001	0.000002
295	0.422479	0.000001	0.000003
296	0.438233	0.000002	0.000004
297	0.453852	0.000002	0.000005
298	0.469337	0.000001	0.000002
299	0.484675	0.000000	0.000001
300	0.499866	0.000000	0.000000
301	0.514905	0.000001	0.000001
302	0.529786	0.000001	0.000002
303	0.544507	0.000001	0.000003
304	0.559061	0.000002	0.000003
305	0.573445	0.000002	0.000004
306	0.587658	0.000000	0.000001
307	0.601689	0.000000	0.000000
308	0.615536	0.000001	0.000001
309	0.629196	0.000001	0.000001
310	0.642664	0.000001	0.000002
311	0.655937	0.000002	0.000003
312	0.669009	0.000002	0.000003
313	0.681881	0.000000	0.000001
314	0.694542	0.000000	0.000000
315	0.706992	0.000000	0.000001
316	0.719226	0.000001	0.000001
317	0.731241	0.000001	0.000002
318	0.743034	0.000001	0.000002
319	0.754600	0.000002	0.000002
320	0.765939	0.000000	0.000000
321	0.777042	0.000000	0.000000
322	0.787908	0.000000	0.000000
323	0.798535	0.000001	0.000001
324	0.808918	0.000001	0.000001
325	0.819055	0.000001	0.000002
326	0.828942	0.000002	0.000002
327	0.838579	0.000000	0.000000
328	0.847959	0.000000	0.000000
329	0.857080	0.000000	0.000000
330	0.865940	0.000001	0.000001
331	0.874536	0.000001	0.000001
332	0.882866	0.000001	0.000001
333	0.890927	0.000001	0.000001
334	0.898719	0.000000	0.000000
335	0.906235	0.000000	0.000000
336	0.913475	0.000000	0.000000
337	0.920437	0.000000	0.000000
338	0.927118	0.000001	0.000001
339	0.933517	0.000001	0.000001
340	0.939632	0.000001	0.000001
341	0.945462	0.000000	0.000000
342	0.951002	0.000000	0.000000
343	0.956253	0.000000	0.000000
344	0.961213	0.000000	0.000000
345	0.965879	0.000000	0.000000
346	0.970252	0.000000	0.000001
347	0.974329	0.000001	0.000001
348	0.978110	0.000000	0.000000
349	0.981593	0.000000	0.000000
350	0.984776	0.000000	0.000000
351	0.987660	0.000000	0.000000
352	0.990243	0.000000	0.000000
353	0.992524	0.000000	0.000000
354	0.994503	0.000000	0.000000
355	0.996179	0.000000	0.000000
356	0.997551	0.000000	0.000000
357	0.998620	0.000000	0.000000
358	0.999384	0.000000	0.000000
359	0.999844	0.000000	0.000000
360	1.000000	0.000000	0.000000
361	0.999851	0.000000	0.000000
362	0.999397	0.000000	0.000000
363	0.998639	0.000000	0.000000
364	0.997577	0.000000	0.000000
365	0.996211	0.000000	0.000000
366	0.994542	0.000000	0.000000
367	0.992569	0.000000	0.000000
368	0.990295	0.000000	0.000000
369	0.987718	0.000000	0.000000
370	0.984841	0.000000	0.000000
371	0.981664	0.000000	0.000000
372	0.978188	0.000000	0.000000
373	0.974414	0.000000	0.000000
374	0.970343	0.000000	0.000000
375	0.965976	0.000001	0.000001
376	0.961315	0.000000	0.000000
377	0.956361	0.000000	0.000000
378	0.951117	0.000000	0.000000
379	0.945582	0.000000	0.000000
380	0.939760	0.000000	0.000000
381	0.933651	0.000001	0.000001
382	0.927258	0.000001	0.000001
383	0.920583	0.000001	0.000001
384	0.913626	0.000000	0.000000
385	0.906392	0.000000	0.000000
386	0.898881	0.000000	0.000000
387	0.891097	0.000001	0.000001
388	0.883042	0.000001	0.000001
389	0.874718	0.000001	0.000001
390	0.866127	0.000001	0.000002
391	0.857271	0.000000	0.000000
392	0.848155	0.000000	0.000000
393	0.838781	0.000000	0.000000
394	0.829152	0.000001	0.000001
395	0.819270	0.000001	0.000001
396	0.809138	0.000001	0.000002
397	0.798760	0.000002	0.000002
398	0.788137	0.000000	0.000000
399	0.777275	0.000000	0.000000
400	0.766177	0.000000	0.000000
401	0.754846	0.000001	0.000001
402	0.743284	0.000001	0.000001
403	0.731497	0.000001	0.000002
404	0.719486	0.000002	0.000003
405	0.707254	0.000000	0.000001
406	0.694809	0.000000	0.000000
407	0.682152	0.000000	0.000001
408	0.669287	0.000001	0.000001
409	0.656219	0.000001	0.000002
410	0.642951	0.000002	0.000002
411	0.629487	0.000002	0.000003
412	0.615828	0.000001	0.000001
413	0.601985	0.000000	0.000000
414	0.587958	0.000000	0.000001
415	0.573752	0.000001	0.000001
416	0.559372	0.000001	0.000002
417	0.544821	0.000002	0.000003
418	0.530104	0.000002	0.000004
419	0.515222	0.000001	0.000001
420	0.500187	0.000000	0.000000
421	0.484999	0.000000	0.000001
422	0.469664	0.000001	0.000002
423	0.454186	0.000001	0.000003
424	0.438569	0.000002	0.000004
425	0.422819	0.000002	0.000005
426	0.406936	0.000001	0.000002
427	0.390933	0.000000	0.000001
428	0.374811	0.000000	0.000001
429	0.358575	0.000001	0.000002
430	0.342229	0.000001	0.000004
431	0.325780	0.000002	0.000006
432	0.309231	0.000002	0.000008
433	0.292584	0.000001	0.000003
434	0.275852	0.000000	0.000001
435	0.259036	0.000000	0.000001
436	0.242140	0.000001	0.000003
437	0.225172	0.000001	0.000006
438	0.208134	0.000002	0.000009
439	0.191033	0.000002	0.000012
440	0.173870	0.000001	0.000005
441	0.156658	0.000000	0.000002
442	0.139399	0.000000	0.000002
443	0.122096	0.000001	0.000006
444	0.104757	0.000001	0.000012
445	0.087386	0.000002	0.000021
446	0.069988	0.000002	0.000034
447	0.052565	0.000001	0.000017
448	0.035130	0.000000	0.000010
449	0.017684	0.000000	0.000010
450	0.000232	0.000001	0.003057
451	-0.017219	0.000001	0.000072
452	-0.034665	0.000002	0.000051
453	-0.052101	0.000002	0.000045
454	-0.069524	0.000001	0.000014
455	-0.086923	0.000000	0.000005
456	-0.104295	0.000000	0.000001
457	-0.121635	0.000001	0.000005
458	-0.138938	0.000001	0.000009
459	-0.156197	0.000005	0.000029
460	-0.173414	0.000001	0.000007
461	-0.190571	0.000006	0.000029
462	-0.207677	0.000002	0.000011
463	-0.224720	0.000001	0.000004
464	-0.241687	0.000003	0.000014
465	-0.258588	0.000000	0.000001
466	-0.275402	0.000004	0.000016
467	-0.292141	0.000001	0.000004
468	-0.308783	0.000005	0.000017
469	-0.325338	0.000002	0.000007
470	-0.341794	0.000001	0.000003
471	-0.358138	0.000003	0.000009
472	-0.374381	0.000000	0.000000
473	-0.390503	0.000004	0.000011
474	-0.406513	0.000001	0.000003
475	-0.422392	0.000005	0.000012
476	-0.438149	0.000002	0.000005
477	-0.453773	0.000001	0.000002
478	-0.469251	0.000003	0.000006
479	-0.484594	0.000000	0.000000
480	-0.499782	0.000004	0.000008
481	-0.514825	0.000001	0.000002
482	-0.529704	0.000005	0.000009
483	-0.544429	0.000002	0.000003
484	-0.558987	0.000001	0.000002
485	-0.573369	0.000003	0.000005
486	-0.587583	0.000000	0.000000
487	-0.601611	0.000003	0.000006
488	-0.615463	0.000001	0.000001
489	-0.629121	0.000004	0.000007
490	-0.642593	0.000002	0.000003
491	-0.655869	0.000001	0.000001
492	-0.668940	0.000002	0.000004
493	-0.681813	0.000000	0.000000
494	-0.694472	0.000003	0.000004
495	-0.706926	0.000001	0.000001
496	-0.719159	0.000004	0.000005
497	-0.731178	0.000001	0.000002
498	-0.742974	0.000001	0.000001
499	-0.754539	0.000002	0.000003
500	-0.765879	0.000000	0.000000
501	-0.776981	0.000003	0.000003
502	-0.787851	0.000001	0.000001
503	-0.798476	0.000003	0.000004
504	-0.808863	0.000001	0.000002
505	-0.819004	0.000001	0.000001
506	-0.828890	0.000002	0.000002
507	-0.838528	0.000000	0.000000
508	-0.847907	0.000002	0.000003
509	-0.857032	0.000000	0.000001
510	-0.865891	0.000003	0.000003
511	-0.874491	0.000001	0.000001
512	-0.882824	0.000001	0.000001
513	-0.890885	0.000001	0.000002
514	-0.898678	0.000000	0.000000
515	-0.906194	0.000002	0.000002
516	-0.913437	0.000000	0.000000
517	-0.920399	0.000002	0.000002
518	-0.927083	0.000001	0.000001
519	-0.933485	0.000000	0.000000
520	-0.939600	0.000001	0.000001
521	-0.945431	0.000000	0.000000
522	-0.950972	0.000001	0.000001
523	-0.956226	0.000000	0.000000
524	-0.961186	0.000001	0.000001
525	-0.965855	0.000000	0.000001
526	-0.970231	0.000000	0.000000
527	-0.974308	0.000001	0.000001
528	-0.978091	0.000000	0.000000
529	-0.981574	0.000001	0.000001
530	-0.984760	0.000000	0.000000
531	-0.987645	0.000001	0.000001
532	-0.990230	0.000000	0.000000
533	-0.992513	0.000000	0.000000
534	-0.994493	0.000000	0.000000
535	-0.996171	0.000000	0.000000
536	-0.997544	0.000000	0.000000
537	-0.998615	0.000000	0.000000
538	-0.999381	0.000000	0.000000
539	-0.999843	0.000000	0.000000
540	-1.000000	0.000000	0.000000
541	-0.999853	0.000000	0.000000
542	-0.999401	0.000000	0.000000
543	-0.998644	0.000000	0.000000
544	-0.997584	0.000000	0.000000
545	-0.996220	0.000000	0.000000
546	-0.994551	0.000000	0.000000
547	-0.992580	0.000000	0.000000
548	-0.990308	0.000000	0.000000
549	-0.987732	0.000000	0.000000
550	-0.984858	0.000001	0.000001
551	-0.981681	0.000000	0.000000
552	-0.978208	0.000001	0.000001
553	-0.974434	0.000000	0.000000
554	-0.970364	0.000000	0.000000
555	-0.966000	0.000001	0.000001
556	-0.961340	0.000000	0.000000
557	-0.956390	0.000001	0.000001
558	-0.951145	0.000000	0.000000
559	-0.945614	0.000002	0.000002
560	-0.939792	0.000001	0.000001
561	-0.933683	0.000001	0.000001
562	-0.927293	0.000001	0.000001
563	-0.920618	0.000000	0.000000
564	-0.913665	0.000002	0.000002
565	-0.906431	0.000000	0.000000
566	-0.898924	0.000002	0.000002
567	-0.891140	0.000001	0.000001
568	-0.883084	0.000001	0.000001
569	-0.874763	0.000001	0.000001
570	-0.866172	0.000000	0.000000
571	-0.857321	0.000002	0.000002
572	-0.848204	0.000000	0.000000
573	-0.838834	0.000003	0.000003
574	-0.829204	0.000001	0.000001
575	-0.819321	0.000001	0.000001
576	-0.809193	0.000002	0.000002
577	-0.798814	0.000000	0.000000
578	-0.788196	0.000002	0.000003
579	-0.777334	0.000000	0.000000
580	-0.766239	0.000003	0.000004
581	-0.754907	0.000001	0.000001
582	-0.743344	0.000001	0.000002
583	-0.731560	0.000002	0.000002
584	-0.719548	0.000000	0.000001
585	-0.707322	0.000003	0.000004
586	-0.694876	0.000000	0.000000
587	-0.682223	0.000003	0.000005
588	-0.669357	0.000001	0.000002
589	-0.656286	0.000001	0.000002
590	-0.643022	0.000002	0.000003
591	-0.629556	0.000001	0.000001
592	-0.615904	0.000003	0.000005
593	-0.602059	0.000000	0.000000
594	-0.588036	0.000004	0.000006
595	-0.573828	0.000001	0.000002
596	-0.559446	0.000002	0.000003
597	-0.544899	0.000002	0.000004
598	-0.530180	0.000001	0.000001
599	-0.515305	0.000003	0.000006
600	-0.500268	0.000000	0.000001
601	-0.485084	0.000004	0.000008
602	-0.469746	0.000001	0.000003
603	-0.454265	0.000002	0.000004
604	-0.438653	0.000002	0.000005
605	-0.422900	0.000001	0.000002
606	-0.407025	0.000003	0.000008
607	-0.391019	0.000000	0.000001
608	-0.374901	0.000004	0.000011
609	-0.358662	0.000001	0.000003
610	-0.342321	0.000005	0.000016
611	-0.325868	0.000002	0.000007
612	-0.309316	0.000001	0.000003
613	-0.292677	0.000003	0.000011
614	-0.275941	0.000000	0.000001
615	-0.259129	0.000004	0.000017
616	-0.242231	0.000001	0.000005
617	-0.225266	0.000005	0.000024
618	-0.208225	0.000002	0.000011
619	-0.191121	0.000001	0.000005
620	-0.173966	0.000003	0.000019
621	-0.156750	0.000000	0.000001
622	-0.139495	0.000004	0.000032
623	-0.122189	0.000001	0.000010
624	-0.104853	0.000006	0.000053
625	-0.087479	0.000002	0.000026
626	-0.070077	0.000001	0.000014
627	-0.052662	0.000003	0.000064
628	-0.035223	0.000000	0.000003
629	-0.017781	0.000004	0.000250
630	-0.000325	0.000001	0.003595
631	0.017122	0.000006	0.000322
632	0.034572	0.000002	0.000065
633	0.052012	0.000001	0.000020
634	0.069428	0.000003	0.000048
635	0.086830	0.000000	0.000001
636	0.104199	0.000004	0.000042
637	0.121543	0.000001	0.000009
638	0.138842	0.000005	0.000039
639	0.156107	0.000002	0.000014
640	0.173325	0.000001	0.000006
641	0.190482	0.000003	0.000017
642	0.207588	0.000000	0.000000
643	0.224624	0.000004	0.000019
644	0.241599	0.000001	0.000004
645	0.258493	0.000005	0.000020
646	0.275316	0.000002	0.000007
647	0.292054	0.000001	0.000004
648	0.308697	0.000003	0.000010
649	0.325252	0.000000	0.000000
650	0.341702	0.000004	0.000012
651	0.358054	0.000001	0.000003
652	0.374290	0.000005	0.000013
653	0.390420	0.000002	0.000005
654	0.406430	0.000001	0.000003
655	0.422310	0.000003	0.000007
656	0.438068	0.000000	0.000000
657	0.453685	0.000004	0.000008
658	0.469172	0.000001	0.000002
659	0.484508	0.000005	0.000010
660	0.499704	0.000002	0.000004
661	0.514747	0.000001	0.000002
662	0.529628	0.000003	0.000005
663	0.544353	0.000000	0.000000
664	0.558906	0.000003	0.000006
665	0.573295	0.000001	0.000001
666	0.587504	0.000004	0.000007
667	0.601539	0.000002	0.000003
668	0.615391	0.000001	0.000002
669	0.629050	0.000002	0.000004
670	0.642524	0.000000	0.000000
671	0.655795	0.000003	0.000005
672	0.668873	0.000001	0.000001
673	0.681741	0.000004	0.000006
674	0.694407	0.000001	0.000002
675	0.706862	0.000001	0.000001
676	0.719096	0.000002	0.000003
677	0.731116	0.000000	0.000000
678	0.742909	0.000003	0.000004
679	0.754480	0.000001	0.000001
680	0.765816	0.000003	0.000004
681	0.776924	0.000001	0.000002
682	0.787795	0.000001	0.000001
683	0.798422	0.000002	0.000002
684	0.808810	0.000000	0.000000
685	0.818947	0.000002	0.000003
686	0.828840	0.000000	0.000001
687	0.838475	0.000003	0.000003
688	0.847859	0.000001	0.000001
689	0.856985	0.000001	0.000001
690	0.865846	0.000001	0.000002
691	0.874447	0.000000	0.000000
692	0.882778	0.000002	0.000002
693	0.890844	0.000000	0.000000
694	0.898635	0.000002	0.000002
695	0.906156	0.000001	0.000001
696	0.913400	0.000001	0.000001
697	0.920363	0.000001	0.000001
698	0.927049	0.000000	0.000000
699	0.933450	0.000001	0.000002
700	0.939569	0.000000	0.000000
701	0.945399	0.000002	0.000002
702	0.950944	0.000001	0.000001
703	0.956199	0.000000	0.000000
704	0.961161	0.000001	0.000001
705	0.965832	0.000000	0.000000
706	0.970207	0.000001	0.000001
707	0.974288	0.000000	0.000000
708	0.978071	0.000001	0.000001
709	0.981557	0.000000	0.000000
710	0.984745	0.000000	0.000000
711	0.987631	0.000000	0.000000
712	0.990217	0.000000	0.000000
713	0.992501	0.000000	0.000000
714	0.994483	0.000000	0.000000
715	0.996162	0.000000	0.000000
716	0.997538	0.000000	0.000000
717	0.998610	0.000000	0.000000
718	0.999378	0.000000	0.000000
719	0.999841	0.000000	0.000000
720	1.000000	0.000000	0.000000
