0	0.000000	0.000000	0.000000
1	0.017452	0.000000	0.000000
2	0.034898	0.000000	0.000000
3	0.052334	0.000000	0.000000
4	0.069754	0.000000	0.000000
5	0.087153	0.000000	0.000000
6	0.104525	0.000000	0.000000
7	0.121866	0.000000	0.000000
8	0.139169	0.000000	0.000000
9	0.156430	0.000000	0.000000
10	0.173643	0.000000	0.000000
11	0.190803	0.000000	0.000000
12	0.207906	0.000000	0.000000
13	0.224944	0.000000	0.000000
14	0.241915	0.000000	0.000000
15	0.258811	0.000000	0.000001
16	0.275629	0.000000	0.000000
17	0.292363	0.000000	0.000000
18	0.309008	0.000000	0.000000
19	0.325559	0.000000	0.000000
20	0.342010	0.000000	0.000000
21	0.358358	0.000000	0.000000
22	0.374596	0.000000	0.000000
23	0.390720	0.000000	0.000000
24	0.406725	0.000000	0.000000
25	0.422607	0.000000	0.000000
26	0.438359	0.000000	0.000000
27	0.453978	0.000000	0.000000
28	0.469459	0.000000	0.000000
29	0.484796	0.000000	0.000000
30	0.499986	0.000000	0.000000
31	0.515024	0.000000	0.000001
32	0.529905	0.000000	0.000000
33	0.544625	0.000000	0.000000
34	0.559178	0.000000	0.000000
35	0.573562	0.000000	0.000000
36	0.587770	0.000000	0.000000
37	0.601800	0.000000	0.000000
38	0.615646	0.000000	0.000000
39	0.629305	0.000000	0.000000
40	0.642772	0.000000	0.000000
41	0.656043	0.000000	0.000000
42	0.669114	0.000000	0.000000
43	0.681982	0.000000	0.000000
44	0.694642	0.000000	0.000000
45	0.707090	0.000000	0.000000
46	0.719323	0.000000	0.000000
47	0.731337	0.000000	0.000000
48	0.743128	0.000000	0.000000
49	0.754693	0.000000	0.000000
50	0.766028	0.000000	0.000000
51	0.777129	0.000000	0.000000
52	0.787994	0.000000	0.000000
53	0.798619	0.000000	0.000000
54	0.809000	0.000000	0.000000
55	0.819136	0.000000	0.000000
56	0.829021	0.000000	0.000000
57	0.838655	0.000000	0.000000
58	0.848032	0.000000	0.000000
59	0.857152	0.000000	0.000000
60	0.866010	0.000000	0.000000
61	0.874604	0.000000	0.000000
62	0.882932	0.000000	0.000000
63	0.890992	0.000000	0.000000
64	0.898780	0.000000	0.000000
65	0.906293	0.000000	0.000000
66	0.913532	0.000000	0.000000
67	0.920491	0.000000	0.000000
68	0.927171	0.000000	0.000000
69	0.933567	0.000000	0.000000
70	0.939680	0.000000	0.000000
71	0.945507	0.000000	0.000000
72	0.951045	0.000000	0.000000
73	0.956294	0.000000	0.000000
74	0.961251	0.000000	0.000000
75	0.965916	0.000000	0.000000
76	0.970286	0.000000	0.000000
77	0.974361	0.000000	0.000000
78	0.978139	0.000000	0.000000
79	0.981619	0.000000	0.000000
80	0.984801	0.000000	0.000000
81	0.987682	0.000000	0.000000
82	0.990262	0.000000	0.000000
83	0.992541	0.000000	0.000000
84	0.994517	0.000000	0.000000
85	0.996191	0.000000	0.000000
86	0.997561	0.000000	0.000000
87	0.998627	0.000000	0.000000
88	0.999389	0.000000	0.000000
89	0.999847	0.000000	0.000000
90	1.000000	0.000000	0.000000
91	0.999849	0.000000	0.000000
92	0.999392	0.000000	0.000000
93	0.998632	0.000000	0.000000
94	0.997567	0.000000	0.000000
95	0.996199	0.000000	0.000000
96	0.994527	0.000000	0.000000
97	0.992552	0.000000	0.000000
98	0.990275	0.000000	0.000000
99	0.987696	0.000000	0.000000
100	0.984817	0.000000	0.000000
101	0.981637	0.000000	0.000000
102	0.978159	0.000000	0.000000
103	0.974382	0.000000	0.000000
104	0.970309	0.000000	0.000000
105	0.965940	0.000000	0.000000
106	0.961277	0.000000	0.000000
107	0.956321	0.000000	0.000000
108	0.951074	0.000000	0.000000
109	0.945537	0.000000	0.000000
110	0.939712	0.000000	0.000000
111	0.933601	0.000000	0.000000
112	0.927205	0.000000	0.000000
113	0.920528	0.000000	0.000000
114	0.913569	0.000000	0.000000
115	0.906333	0.000000	0.000000
116	0.898821	0.000000	0.000000
117	0.891035	0.000001	0.000001
118	0.882976	0.000000	0.000000
119	0.874650	0.000000	0.000000
120	0.866057	0.000001	0.000001
121	0.857199	0.000000	0.000000
122	0.848082	0.000000	0.000000
123	0.838705	0.000000	0.000001
124	0.829074	0.000001	0.000001
125	0.819189	0.000000	0.000000
126	0.809055	0.000000	0.000000
127	0.798675	0.000001	0.000001
128	0.788051	0.000000	0.000000
129	0.777188	0.000000	0.000000
130	0.766088	0.000000	0.000001
131	0.754755	0.000001	0.000001
132	0.743190	0.000000	0.000000
133	0.731401	0.000000	0.000000
134	0.719388	0.000001	0.000001
135	0.707156	0.000000	0.000000
136	0.694709	0.000000	0.000000
137	0.682050	0.000001	0.000001
138	0.669184	0.000001	0.000001
139	0.656113	0.000000	0.000000
140	0.642843	0.000000	0.000001
141	0.629378	0.000001	0.000001
142	0.615719	0.000000	0.000001
143	0.601874	0.000000	0.000000
144	0.587846	0.000001	0.000001
145	0.573639	0.000001	0.000002
146	0.559255	0.000000	0.000000
147	0.544703	0.000000	0.000001
148	0.529985	0.000001	0.000001
149	0.515103	0.000000	0.000001
150	0.500067	0.000000	0.000000
151	0.484878	0.000001	0.000001
152	0.469542	0.000001	0.000002
153	0.454060	0.000000	0.000000
154	0.438443	0.000000	0.000001
155	0.422691	0.000001	0.000002
156	0.406811	0.000001	0.000003
157	0.390806	0.000000	0.000000
158	0.374683	0.000001	0.000001
159	0.358445	0.000001	0.000003
160	0.342097	0.000000	0.000001
161	0.325647	0.000000	0.000001
162	0.309097	0.000001	0.000002
163	0.292453	0.000001	0.000004
164	0.275718	0.000000	0.000000
165	0.258902	0.000001	0.000002
166	0.242006	0.000001	0.000004
167	0.225035	0.000000	0.000001
168	0.207996	0.000000	0.000001
169	0.190895	0.000001	0.000004
170	0.173736	0.000001	0.000007
171	0.156521	0.000000	0.000000
172	0.139261	0.000000	0.000003
173	0.121959	0.000001	0.000008
174	0.104617	0.000000	0.000003
175	0.087246	0.000000	0.000002
176	0.069848	0.000001	0.000010
177	0.052428	0.000001	0.000024
178	0.034991	0.000000	0.000003
179	0.017545	0.000000	0.000024
180	0.000094	0.000001	0.010206
181	-0.017360	0.000000	0.000024
182	-0.034806	0.000000	0.000004
183	-0.052241	0.000001	0.000013
184	-0.069661	0.000001	0.000017
185	-0.087061	0.000000	0.000002
186	-0.104433	0.000000	0.000003
187	-0.121773	0.000001	0.000007
188	-0.139078	0.000000	0.000003
189	-0.156338	0.000000	0.000000
190	-0.173551	0.000001	0.000003
191	-0.190711	0.000001	0.000006
192	-0.207815	0.000000	0.000001
193	-0.224854	0.000000	0.000001
194	-0.241824	0.000001	0.000003
195	-0.258721	0.000001	0.000005
196	-0.275540	0.000000	0.000000
197	-0.292274	0.000001	0.000002
198	-0.308919	0.000001	0.000003
199	-0.325472	0.000000	0.000001
200	-0.341923	0.000000	0.000001
201	-0.358271	0.000001	0.000002
202	-0.374509	0.000001	0.000003
203	-0.390635	0.000000	0.000000
204	-0.406640	0.000000	0.000001
205	-0.422522	0.000001	0.000002
206	-0.438276	0.000000	0.000001
207	-0.453895	0.000000	0.000000
208	-0.469376	0.000001	0.000001
209	-0.484714	0.000001	0.000002
210	-0.499906	0.000000	0.000000
211	-0.514945	0.000000	0.000001
212	-0.529826	0.000001	0.000002
213	-0.544547	0.000000	0.000001
214	-0.559101	0.000000	0.000000
215	-0.573485	0.000001	0.000001
216	-0.587694	0.000001	0.000002
217	-0.601726	0.000000	0.000000
218	-0.615573	0.000000	0.000001
219	-0.629232	0.000001	0.000001
220	-0.642701	0.000000	0.000001
221	-0.655973	0.000000	0.000000
222	-0.669045	0.000000	0.000001
223	-0.681914	0.000001	0.000001
224	-0.694576	0.000000	0.000000
225	-0.707025	0.000000	0.000000
226	-0.719258	0.000001	0.000001
227	-0.731274	0.000000	0.000000
228	-0.743066	0.000000	0.000000
229	-0.754632	0.000000	0.000001
230	-0.765968	0.000000	0.000001
231	-0.777070	0.000001	0.000001
232	-0.787936	0.000001	0.000001
233	-0.798562	0.000001	0.000002
234	-0.808945	0.000002	0.000002
235	-0.819083	0.000000	0.000000
236	-0.828970	0.000000	0.000000
237	-0.838604	0.000000	0.000000
238	-0.847983	0.000001	0.000001
239	-0.857103	0.000001	0.000001
240	-0.865963	0.000001	0.000001
241	-0.874558	0.000001	0.000002
242	-0.882889	0.000000	0.000000
243	-0.890950	0.000000	0.000000
244	-0.898739	0.000000	0.000000
245	-0.906254	0.000000	0.000001
246	-0.913493	0.000001	0.000001
247	-0.920454	0.000001	0.000001
248	-0.927135	0.000001	0.000001
249	-0.933535	0.000000	0.000000
250	-0.939649	0.000000	0.000000
251	-0.945476	0.000000	0.000000
252	-0.951016	0.000000	0.000000
253	-0.956266	0.000000	0.000000
254	-0.961225	0.000001	0.000001
255	-0.965891	0.000001	0.000001
256	-0.970264	0.000000	0.000000
257	-0.974340	0.000000	0.000000
258	-0.978120	0.000000	0.000000
259	-0.981602	0.000000	0.000000
260	-0.984784	0.000000	0.000000
261	-0.987667	0.000000	0.000000
262	-0.990249	0.000000	0.000000
263	-0.992530	0.000000	0.000000
264	-0.994508	0.000000	0.000000
265	-0.996183	0.000000	0.000000
266	-0.997554	0.000000	0.000000
267	-0.998622	0.000000	0.000000
268	-0.999386	0.000000	0.000000
269	-0.999845	0.000000	0.000000
270	-1.000000	0.000000	0.000000
271	-0.999850	0.000000	0.000000
272	-0.999396	0.000000	0.000000
273	-0.998637	0.000000	0.000000
274	-0.997574	0.000000	0.000000
275	-0.996207	0.000000	0.000000
276	-0.994537	0.000000	0.000000
277	-0.992563	0.000000	0.000000
278	-0.990288	0.000000	0.000000
279	-0.987711	0.000000	0.000000
280	-0.984833	0.000000	0.000000
281	-0.981655	0.000000	0.000000
282	-0.978178	0.000000	0.000000
283	-0.974403	0.000001	0.000001
284	-0.970331	0.000000	0.000000
285	-0.965964	0.000000	0.000000
286	-0.961302	0.000000	0.000000
287	-0.956348	0.000000	0.000000
288	-0.951103	0.000000	0.000000
289	-0.945568	0.000001	0.000001
290	-0.939744	0.000001	0.000001
291	-0.933634	0.000000	0.000000
292	-0.927240	0.000000	0.000000
293	-0.920564	0.000000	0.000000
294	-0.913607	0.000000	0.000000
295	-0.906372	0.000001	0.000001
296	-0.898862	0.000001	0.000001
297	-0.891077	0.000001	0.000001
298	-0.883019	0.000000	0.000000
299	-0.874694	0.000000	0.000000
300	-0.866103	0.000000	0.000000
301	-0.857247	0.000000	0.000000
302	-0.848131	0.000001	0.000001
303	-0.838756	0.000001	0.000001
304	-0.829126	0.000001	0.000002
305	-0.819244	0.000002	0.000002
306	-0.809109	0.000000	0.000000
307	-0.798731	0.000000	0.000000
308	-0.788109	0.000000	0.000001
309	-0.777247	0.000001	0.000001
310	-0.766148	0.000001	0.000001
311	-0.754816	0.000001	0.000002
312	-0.743254	0.000002	0.000003
313	-0.731463	0.000000	0.000000
314	-0.719452	0.000000	0.000000
315	-0.707222	0.000000	0.000001
316	-0.694776	0.000001	0.000001
317	-0.682119	0.000001	0.000002
318	-0.669254	0.000002	0.000002
319	-0.656185	0.000002	0.000003
320	-0.642913	0.000000	0.000001
321	-0.629449	0.000000	0.000000
322	-0.615793	0.000000	0.000001
323	-0.601949	0.000001	0.000001
324	-0.587921	0.000001	0.000002
325	-0.573715	0.000002	0.000003
326	-0.559334	0.000002	0.000004
327	-0.544780	0.000000	0.000001
328	-0.530062	0.000000	0.000000
329	-0.515184	0.000000	0.000001
330	-0.500148	0.000001	0.000002
331	-0.484960	0.000001	0.000003
332	-0.469624	0.000002	0.000004
333	-0.454146	0.000002	0.000005
334	-0.438525	0.000001	0.000001
335	-0.422774	0.000000	0.000000
336	-0.406895	0.000000	0.000001
337	-0.390892	0.000001	0.000002
338	-0.374769	0.000001	0.000004
339	-0.358533	0.000002	0.000005
340	-0.342187	0.000002	0.000007
341	-0.325733	0.000001	0.000002
342	-0.309184	0.000000	0.000000
343	-0.292541	0.000000	0.000001
344	-0.275808	0.000001	0.000003
345	-0.258992	0.000001	0.000005
346	-0.242097	0.000002	0.000008
347	-0.225128	0.000002	0.000011
348	-0.208086	0.000001	0.000003
349	-0.190985	0.000000	0.000001
350	-0.173826	0.000000	0.000002
351	-0.156614	0.000001	0.000006
352	-0.139354	0.000001	0.000010
353	-0.122052	0.000002	0.000016
354	-0.104712	0.000002	0.000024
355	-0.087337	0.000001	0.000009
356	-0.069939	0.000000	0.000004
357	-0.052520	0.000000	0.000006
358	-0.035084	0.000001	0.000024
359	-0.017639	0.000001	0.000077
360	-0.000187	0.000002	0.010166
361	0.017264	0.000002	0.000141
362	0.034714	0.000001	0.000024
363	0.052150	0.000000	0.000006
364	0.069569	0.000000	0.000003
365	0.086968	0.000001	0.000009
366	0.104340	0.000001	0.000013
367	0.121680	0.000002	0.000015
368	0.138983	0.000002	0.000017
369	0.156248	0.000001	0.000006
370	0.173461	0.000000	0.000002
371	0.190621	0.000000	0.000001
372	0.207724	0.000001	0.000003
373	0.224763	0.000001	0.000005
374	0.241733	0.000002	0.000007
375	0.258630	0.000002	0.000009
376	0.275452	0.000001	0.000003
377	0.292187	0.000000	0.000001
378	0.308832	0.000000	0.000000
379	0.325383	0.000001	0.000002
380	0.341835	0.000001	0.000003
381	0.358183	0.000002	0.000005
382	0.374422	0.000002	0.000006
383	0.390547	0.000003	0.000007
384	0.406556	0.000000	0.000001
385	0.422439	0.000000	0.000000
386	0.438192	0.000001	0.000001
387	0.453812	0.000001	0.000002
388	0.469294	0.000002	0.000003
389	0.484633	0.000002	0.000004
390	0.499824	0.000002	0.000005
391	0.514866	0.000000	0.000001
392	0.529748	0.000000	0.000000
393	0.544469	0.000000	0.000001
394	0.559024	0.000001	0.000002
395	0.573409	0.000001	0.000002
396	0.587619	0.000002	0.000003
397	0.601650	0.000002	0.000004
398	0.615500	0.000000	0.000001
399	0.629161	0.000000	0.000000
400	0.642629	0.000000	0.000001
401	0.655902	0.000001	0.000001
402	0.668976	0.000001	0.000002
403	0.681845	0.000002	0.000002
404	0.694507	0.000002	0.000003
405	0.706960	0.000000	0.000001
406	0.719195	0.000000	0.000000
407	0.731210	0.000000	0.000000
408	0.743004	0.000001	0.000001
409	0.754570	0.000001	0.000001
410	0.765907	0.000001	0.000002
411	0.777011	0.000002	0.000002
412	0.787881	0.000000	0.000001
413	0.798508	0.000000	0.000000
414	0.808891	0.000000	0.000000
415	0.819029	0.000001	0.000001
416	0.828917	0.000001	0.000001
417	0.838553	0.000001	0.000001
418	0.847933	0.000001	0.000002
419	0.857057	0.000000	0.000000
420	0.865917	0.000000	0.000000
421	0.874514	0.000000	0.000000
422	0.882845	0.000000	0.000000
423	0.890907	0.000001	0.000001
424	0.898697	0.000001	0.000001
425	0.906214	0.000001	0.000001
426	0.913457	0.000000	0.000000
427	0.920419	0.000000	0.000000
428	0.927101	0.000000	0.000000
429	0.933501	0.000000	0.000000
430	0.939616	0.000000	0.000001
431	0.945446	0.000001	0.000001
432	0.950987	0.000001	0.000001
433	0.956240	0.000000	0.000000
434	0.961200	0.000000	0.000000
435	0.965868	0.000000	0.000000
436	0.970241	0.000000	0.000000
437	0.974319	0.000000	0.000000
438	0.978100	0.000000	0.000000
439	0.981584	0.000000	0.000000
440	0.984769	0.000000	0.000000
441	0.987653	0.000000	0.000000
442	0.990236	0.000000	0.000000
443	0.992518	0.000000	0.000000
444	0.994498	0.000000	0.000000
445	0.996175	0.000000	0.000000
446	0.997548	0.000000	0.000000
447	0.998618	0.000000	0.000000
448	0.999383	0.000000	0.000000
449	0.999844	0.000000	0.000000
450	1.000000	0.000000	0.000000
451	0.999852	0.000000	0.000000
452	0.999399	0.000000	0.000000
453	0.998642	0.000000	0.000000
454	0.997580	0.000000	0.000000
455	0.996215	0.000000	0.000000
456	0.994546	0.000000	0.000000
457	0.992575	0.000000	0.000000
458	0.990301	0.000000	0.000000
459	0.987726	0.000001	0.000001
460	0.984849	0.000000	0.000000
461	0.981674	0.000001	0.000001
462	0.978198	0.000000	0.000001
463	0.974423	0.000000	0.000000
464	0.970354	0.000001	0.000001
465	0.965988	0.000000	0.000000
466	0.961329	0.000001	0.000001
467	0.956375	0.000000	0.000000
468	0.951133	0.000002	0.000002
469	0.945598	0.000001	0.000001
470	0.939775	0.000000	0.000000
471	0.933669	0.000001	0.000001
472	0.927275	0.000000	0.000000
473	0.920602	0.000002	0.000002
474	0.913645	0.000000	0.000001
475	0.906413	0.000002	0.000003
476	0.898902	0.000001	0.000001
477	0.891118	0.000000	0.000001
478	0.883065	0.000002	0.000002
479	0.874739	0.000000	0.000000
480	0.866151	0.000002	0.000003
481	0.857295	0.000001	0.000001
482	0.848182	0.000003	0.000003
483	0.838807	0.000001	0.000001
484	0.829176	0.000001	0.000001
485	0.819297	0.000002	0.000002
486	0.809164	0.000000	0.000000
487	0.798789	0.000003	0.000003
488	0.788166	0.000001	0.000001
489	0.777308	0.000003	0.000004
490	0.766208	0.000001	0.000002
491	0.754875	0.000001	0.000001
492	0.743316	0.000002	0.000003
493	0.731527	0.000000	0.000000
494	0.719519	0.000003	0.000004
495	0.707288	0.000001	0.000001
496	0.694846	0.000004	0.000006
497	0.682187	0.000002	0.000002
498	0.669320	0.000001	0.000001
499	0.656255	0.000002	0.000004
500	0.642985	0.000000	0.000000
501	0.629524	0.000003	0.000005
502	0.615866	0.000001	0.000001
503	0.602026	0.000004	0.000007
504	0.587997	0.000002	0.000003
505	0.573788	0.000001	0.000002
506	0.559411	0.000003	0.000005
507	0.544858	0.000000	0.000000
508	0.530145	0.000004	0.000007
509	0.515263	0.000001	0.000002
510	0.500232	0.000005	0.000009
511	0.485041	0.000002	0.000004
512	0.469703	0.000001	0.000002
513	0.454229	0.000003	0.000006
514	0.438609	0.000000	0.000000
515	0.422862	0.000004	0.000009
516	0.406980	0.000001	0.000002
517	0.390981	0.000005	0.000012
518	0.374856	0.000002	0.000005
519	0.358616	0.000001	0.000003
520	0.342275	0.000003	0.000008
521	0.325822	0.000000	0.000001
522	0.309276	0.000004	0.000013
523	0.292630	0.000001	0.000003
524	0.275902	0.000005	0.000018
525	0.259082	0.000002	0.000007
526	0.242183	0.000001	0.000005
527	0.225218	0.000003	0.000013
528	0.208177	0.000000	0.000001
529	0.191080	0.000004	0.000021
530	0.173918	0.000001	0.000005
531	0.156710	0.000005	0.000032
532	0.139446	0.000002	0.000013
533	0.122140	0.000001	0.000011
534	0.104805	0.000003	0.000028
535	0.087430	0.000000	0.000004
536	0.070036	0.000004	0.000057
537	0.052613	0.000001	0.000014
538	0.035181	0.000005	0.000145
539	0.017732	0.000002	0.000103
540	0.000277	0.000001	0.005249
541	-0.017171	0.000003	0.000169
542	-0.034621	0.000000	0.000011
543	-0.052053	0.000004	0.000076
544	-0.069476	0.000001	0.000010
545	-0.086871	0.000005	0.000058
546	-0.104247	0.000002	0.000017
547	-0.121591	0.000001	0.000012
548	-0.138891	0.000003	0.000020
549	-0.156156	0.000000	0.000003
550	-0.173365	0.000004	0.000022
551	-0.190530	0.000001	0.000003
552	-0.207629	0.000005	0.000024
553	-0.224672	0.000002	0.000007
554	-0.241647	0.000002	0.000006
555	-0.258540	0.000003	0.000010
556	-0.275363	0.000000	0.000002
557	-0.292094	0.000004	0.000013
558	-0.308743	0.000001	0.000002
559	-0.325291	0.000005	0.000014
560	-0.341748	0.000002	0.000005
561	-0.358100	0.000001	0.000004
562	-0.374336	0.000003	0.000007
563	-0.390465	0.000000	0.000001
564	-0.406468	0.000003	0.000009
565	-0.422354	0.000000	0.000001
566	-0.438105	0.000004	0.000010
567	-0.453729	0.000001	0.000003
568	-0.469215	0.000001	0.000003
569	-0.484551	0.000002	0.000005
570	-0.499746	0.000001	0.000001
571	-0.514783	0.000003	0.000006
572	-0.529669	0.000000	0.000001
573	-0.544388	0.000004	0.000007
574	-0.558947	0.000001	0.000002
575	-0.573335	0.000001	0.000002
576	-0.587543	0.000002	0.000004
577	-0.601578	0.000001	0.000001
578	-0.615424	0.000003	0.000005
579	-0.629088	0.000000	0.000001
580	-0.642555	0.000004	0.000006
581	-0.655832	0.000001	0.000002
582	-0.668909	0.000001	0.000002
583	-0.681777	0.000002	0.000003
584	-0.694443	0.000000	0.000001
585	-0.706891	0.000003	0.000004
586	-0.719130	0.000000	0.000000
587	-0.731144	0.000003	0.000004
588	-0.742941	0.000001	0.000001
589	-0.754512	0.000001	0.000002
590	-0.765848	0.000002	0.000002
591	-0.776955	0.000000	0.000001
592	-0.787821	0.000002	0.000003
593	-0.798452	0.000000	0.000000
594	-0.808834	0.000003	0.000003
595	-0.818976	0.000001	0.000001
596	-0.828867	0.000001	0.000001
597	-0.838502	0.000001	0.000002
598	-0.847885	0.000000	0.000000
599	-0.857007	0.000002	0.000002
600	-0.865871	0.000000	0.000000
601	-0.874467	0.000002	0.000003
602	-0.882801	0.000001	0.000001
603	-0.890866	0.000001	0.000001
604	-0.898657	0.000001	0.000001
605	-0.906176	0.000000	0.000000
606	-0.913417	0.000001	0.000002
607	-0.920383	0.000000	0.000000
608	-0.927065	0.000002	0.000002
609	-0.933468	0.000000	0.000001
610	-0.939583	0.000002	0.000002
611	-0.945415	0.000001	0.000001
612	-0.950959	0.000000	0.000000
613	-0.956211	0.000001	0.000001
614	-0.961174	0.000000	0.000000
615	-0.965843	0.000001	0.000001
616	-0.970219	0.000000	0.000000
617	-0.974297	0.000001	0.000001
618	-0.978081	0.000000	0.000000
619	-0.981567	0.000000	0.000000
620	-0.984752	0.000001	0.000001
621	-0.987638	0.000000	0.000000
622	-0.990223	0.000001	0.000001
623	-0.992507	0.000000	0.000000
624	-0.994488	0.000001	0.000001
625	-0.996166	0.000000	0.000000
626	-0.997542	0.000000	0.000000
627	-0.998612	0.000000	0.000000
628	-0.999379	0.000000	0.000000
629	-0.999842	0.000000	0.000000
630	-1.000000	0.000000	0.000000
631	-0.999853	0.000000	0.000000
632	-0.999402	0.000000	0.000000
633	-0.998646	0.000000	0.000000
634	-0.997587	0.000000	0.000000
635	-0.996223	0.000000	0.000000
636	-0.994557	0.000000	0.000000
637	-0.992586	0.000000	0.000000
638	-0.990314	0.000001	0.000001
639	-0.987740	0.000000	0.000000
640	-0.984865	0.000000	0.000000
641	-0.981691	0.000001	0.000001
642	-0.978216	0.000000	0.000000
643	-0.974445	0.000001	0.000001
644	-0.970376	0.000000	0.000000
645	-0.966013	0.000001	0.000001
646	-0.961354	0.000001	0.000001
647	-0.956402	0.000000	0.000000
648	-0.951161	0.000001	0.000001
649	-0.945627	0.000000	0.000000
650	-0.939808	0.000001	0.000002
651	-0.933701	0.000000	0.000000
652	-0.927312	0.000002	0.000002
653	-0.920637	0.000001	0.000001
654	-0.913682	0.000000	0.000001
655	-0.906452	0.000001	0.000001
656	-0.898942	0.000000	0.000000
657	-0.891162	0.000002	0.000002
658	-0.883107	0.000000	0.000001
659	-0.874787	0.000003	0.000003
660	-0.866196	0.000001	0.000001
661	-0.857342	0.000001	0.000001
662	-0.848230	0.000002	0.000002
663	-0.838856	0.000000	0.000000
664	-0.829231	0.000002	0.000003
665	-0.819349	0.000001	0.000001
666	-0.809222	0.000003	0.000004
667	-0.798843	0.000001	0.000002
668	-0.788222	0.000001	0.000001
669	-0.777365	0.000002	0.000002
670	-0.766266	0.000000	0.000000
671	-0.754939	0.000003	0.000004
672	-0.743377	0.000001	0.000001
673	-0.731593	0.000004	0.000005
674	-0.719582	0.000001	0.000002
675	-0.707351	0.000001	0.000001
676	-0.694911	0.000002	0.000003
677	-0.682253	0.000000	0.000000
678	-0.669393	0.000003	0.000005
679	-0.656323	0.000001	0.000001
680	-0.643060	0.000004	0.000006
681	-0.629594	0.000001	0.000002
682	-0.615937	0.000001	0.000002
683	-0.602098	0.000002	0.000004
684	-0.588070	0.000000	0.000000
685	-0.573869	0.000003	0.000006
686	-0.559486	0.000001	0.000001
687	-0.544940	0.000004	0.000008
688	-0.530221	0.000002	0.000003
689	-0.515341	0.000001	0.000002
690	-0.500310	0.000003	0.000005
691	-0.485120	0.000000	0.000001
692	-0.469790	0.000004	0.000008
693	-0.454309	0.000001	0.000001
694	-0.438697	0.000005	0.000010
695	-0.422944	0.000002	0.000004
696	-0.407063	0.000001	0.000003
697	-0.391064	0.000003	0.000007
698	-0.374939	0.000000	0.000001
699	-0.358708	0.000004	0.000010
700	-0.342359	0.000001	0.000002
701	-0.325914	0.000005	0.000015
702	-0.309362	0.000002	0.000005
703	-0.292716	0.000001	0.000005
704	-0.275988	0.000003	0.000010
705	-0.259169	0.000000	0.000002
706	-0.242278	0.000004	0.000016
707	-0.225306	0.000001	0.000003
708	-0.208273	0.000005	0.000023
709	-0.191169	0.000002	0.000009
710	-0.174007	0.000002	0.000009
711	-0.156799	0.000003	0.000017
712	-0.139536	0.000001	0.000004
713	-0.122237	0.000004	0.000031
714	-0.104895	0.000001	0.000005
715	-0.087527	0.000005	0.000056
716	-0.070126	0.000002	0.000023
717	-0.052703	0.000002	0.000031
718	-0.035272	0.000003	0.000077
719	-0.017822	0.000001	0.000031
720	-0.000374	0.000004	0.010127
